282010
307030
320742
323130
324490
328509
330716
331509
810014
811012
813648
815026
815315
816941
263939
278710
289261
291594
307331
308483
309344
313600
315829
318107
318533
318789
318871
319313
319326
319473
319588
319913
319931
319967
320333
320345
320397
320661
320865
320877
321036
321060
321248
321522
321610
321623
321685
321697
321733
322018
322042
322271
322346
322377
322670
322811
322913
322945
323045
323145
323231
323255
323270
323332
323403
323456
323552
323592
323608
324184
324406
324439
324574
324612
324627
325031
325040
325266
325748
325945
325955
326330
326591
326647
326662
326830
326891
326967
327012
327020
327163
327392
327498
327559
328020
328036
328097
328141
328165
328773
328786
329068
329170
329178
329179
329259
329346
329546
329688
329771
329801
329806
329834
329895
330259
330363
330574
331009
331018
331053
331330
331371
331910
332001
332023
810008
810038
810058
810090
810161
810340
810418
810425
810558
811005
811146
811011
811217
811281
811363
811370
811421
811475
811621
811732
811772
811777
811964
812415
812599
812680
812802
813707
813908
814017
814033
814266
814484
815028
815140
815324
815470
815484
815616
815834
815837
816036
816488
816765
816990
817006
817566
818194
281485
300930
304653
312571
314446
316042
316430
318332
318443
319325
319460
319672
319709
319915
320015
320063
320387
320677
320711
320769
321064
321160
321343
321854
321867
322599
323256
323589
324102
324183
324415
324615
325183
325189
325571
325919
326333
326564
326770
327542
327633
328195
328310
328417
328566
328567
328570
328693
328981
329394
329604
329726
329772
330306
330421
331102
331190
331627
331651
331907
332199
810089
810262
810714
811143
811195
811288
812175
812499
812785
813425
814202
814822
814925
815493
816230
816475
305557
319989
320530
321557
321592
322930
323293
323319
323735
323819
324034
324038
324039
324096
324443
325208
325409
325455
325641
325785
325797
325988
326433
326639
326852
327009
327643
328506
328636
328800
328897
328925
329420
329449
329492
329938
329945
330081
330833
810578
811373
811694
814886
284246
323372
328716
810989
812812
814788
815438
816085
281553
303280
309144
319021
319402
319819
319953
320199
320363
320373
320437
320489
321126
321418
321800
321933
322804
323172
323274
323704
324041
324712
325792
325827
327129
327536
327550
328510
328764
328776
328991
329175
329184
329328
330194
332002
810211
810823
810992
811066
811160
811196
811222
811364
811965
812203
812652
812714
813050
813197
813824
813950
814280
815181
815198
815231
815425
816045
816485
816740
816866
816998
817361
328422
328885
329414
267316
322141
323371
326147
326404
327360
327784
328120
328293
329459
329542
329954
329994
331334
811308
814116
814776
815643
816957
817076
817586
278522
287032
294961
300561
305217
309696
313664
316803
318419
318437
319270
319627
321150
321232
321983
322359
322823
322934
322953
323538
323663
323668
323756
323759
324673
324886
325764
325873
325916
326645
326886
326926
326964
327016
327081
327148
327477
327709
328089
328389
328410
328477
328556
329227
329258
329494
329634
329847
330012
330753
331993
810042
810382
810839
810926
811044
811368
811436
811513
811657
811914
812707
814119
814250
814622
815182
816924
817069
817367
817864
818177
315315
316982
319102
319725
319973
320368
320549
322210
323289
323582
328725
331116
810070
810268
812110
812401
814691
814958
298692
318365
318954
319370
320914
321364
321613
321614
321771
324173
324397
324433
326095
327052
327930
327984
328055
328894
329051
330030
810647
810908
811915
811916
812121
812419
814408
814770
198941
274450
296441
297528
304140
311444
312827
313494
313664
315092
316201
318815
318873
318988
319418
320099
320206
320211
320670
320828
320903
320920
321166
321217
321323
321928
322175
322302
322760
322989
323153
323758
324120
324224
324377
324380
324553
325083
325463
326180
326363
326460
326826
326864
327076
327462
327524
327634
327696
327752
327825
328370
328523
328863
328924
328948
328970
329112
329145
329316
329405
329414
329826
330002
330029
330164
330303
330994
331490
331953
810022
810037
810076
810088
810202
810578
810585
810649
810833
811114
811493
811627
811630
812428
812872
813423
813485
813489
813877
814055
814078
814122
814569
814886
815021
815225
815414
817606
817772
819696
821665
822679
265396
280687
302510
315819
320261
321091
321781
321787
321788
322019
322841
323015
323653
324141
324166
325038
325333
326109
326569
326572
326836
327350
327815
328284
328285
328423
328523
329023
329135
329553
329727
810159
810649
810891
811416
811769
812943
813859
813870
814201
814789
815019
815490
816047
816094
816131
816372
817061
817700
817768
253922
257966
304229
325775
326429
327612
328478
328715
331489
331596
811634
813508
814066
815017
816062
816669
816870
904706-dx8
904706-dx9
941568-x86
941568-dx8
951698-x86
951698-v2-dx8
windows2000-directx8
