932726
936982
953195
934233
934873
936227
936542
932080
933493
933688
934062
934173
934390
934391
934393
934395
934670
935569
936056
936509
936514
936646
936960
937608
938190
935521  
935875  
936519  
939185  
935516  
935870  
936132  
937199  
937201  
937209  
937493  
937911  
938538  
938541  
938565  
938628  
939597  
939602  
940516  
935874  
936879  
937206  
937497  
938540  
938894  
939187  
939593  
939605  
935519  
935520  
936520  
936521  
938574  
938892  
939601  
939873  
936548  
938186  
933146  
933671  
935517  
936871  
937197  
937212  
937494  
937903  
938534  
938893  
939184  
939596  
940134  
940553  
940555  
940556  
940557  
940558  
940559  
935869  
936522  
936525  
936866  
936875  
937204  
937902  
938533  
938539  
938544  
938551  
938930  
939598  
939600  
939869  
938542  
935873  
938185  
940740  
935514  
935871  
935872  
936873  
937200  
937496  
936874
956828
958437
955470
951546
946974
951338
951808
958439
955936
959997
956358
950113
950114
954038
971933
968503
970012
962871
959634
959141
958619
957829
957258
956080
955433
953463
950378
949037
947945
944965
943597
947801
951596
951550
951597
951944
960003
946983
954326
969679
969682
970012
971933
972691
973514
974810
975960
976884
977839
973593
973704
977719
