842532
843188
887616
887618
923618
842774
828041
834691
830000
834013
834702
838022
873378
838905
873381
887982
887980
885828
892258
887979
907417
892843
913807
924424
914455
923097
923272
919029
894542
921566
905756
917334
917151
918419
916518
913571
924886
905645
920103
925251
936048
940602
922581
924191
922968
917284
915384
901190
917285
905413
902412
916768
910729
917336
940965
936227
943985-FullFile
971931
945432
954478
969681
969603
960476
970011
971931
972688
973515
974771
975958
976882
977840
957784
973475
977713
950213
979771
981432
976881
978474
946254
973443
953404
981725
