835935
936929
282010
303013
307754
308035
308362
308381
311838
312370
312505
313450
313484
315092
316625
316696
317181
319580
320368
320949
321060
324300
325072
326957
282784
304622
305601
306676
307271
307611
307969
308219
308285
308306
308928
309344
310407
310437
310510
310664
310718
310772
310869
311430
311542
311706
311799
311822
311887
311967
312181
312370
312372
312473
313237
313580
313600
314293
314634
314748
314801
314993
315399
315403
315502
316575
316676
317087
317272
317326
317673
318043
318213
318214
318332
318358
318773
318891
319043
319326
319632
319777
319971
320133
320171
320284
320310
320694
320822
320899
320949
321047
321060
321064
321180
321590
321788
322302
322359
323154
323507
323582
323702
324300
324415
326147
326457
326464
327086
275657
306414
314339
317926
319733
323137
304140
304288
307869
308210
308276
309056
309521
310601
311243
311444
313147
313450
314445
314862
316309
317277
318449
319111
319322
320258
320678
321047
321120
321121
321395
322103
322811
322852
322936
323289
323299
324002
325945
308677
309370
310436
310507
311361
318507
319632
319739
320552
321178
321463
321677
325154
300989
307527
308246
308374
309073
309448
310507
311842
311885
311935
312181
313695
313896
314147
314510
314592
314862
314994
315000
316042
316397
317288
317437
317483
317936
317949
319555
319627
319778
319810
320229
320507
321036
321803
322097
325331
326903
314510
314784
317631
318365
318954
318966
320914
321623
322303
304140
305601
308273
308414
309073
309521
311486
311967
313450
314147
314339
314864
315000
315092
316994
318138
318449
318873
319458
319613
319733
320008
321677
322097
323172
323475
324380
324574
326830
328676
328940
329048
329350
282784
306458
306580
307316
308131
308402
308676
308677
308678
309495
310387
310437
311345
311442
311446
311781
312131
312368
312369
313194
313208
313532
314582
315074
316134
316309
322069
322674
322811
325041
325707
325801
297760
299899
305822
306676
307274
307401
307419
308414
308415
308678
309428
309447
311455
311486
311514
312473
313596
314228
314448
314918
314939
315094
316116
316253
316982
317159
317181
317751
318365
318388
318727
318872
318966
319261
319598
319740
320273
320368
320507
320721
320882
320987
321017
321788
321841
323513
323571
324002
312826
309344
321733
323328
325929
326661
326826
326863
327361
327498
327559
327933
328237
328269
328284
328368
328570
328915
330089
330232
330512
330909
331044
331329
331988
332179
810064
810097
810182
810186
810577
811169
811493
811525
811775
812599
812937
814033
814078
814545
814952
815011
815021
815227
815265
815315
815411
815432
815471
815929
816073
816074
817275
817434
817583
817606
817831
817915
818133
818349
818733
819760
819897
820128
820193
820826
821161
821581
821588
822368
822624
822751
822827
822888
823081
823272
823456
823468
823583
823830
824141
824236
824424
825118
825675
825794
826278
827477
827484
828012
828035
828274
828402
828693
828026
828749
828753
829104
829364
830752
831128
831191
831375
831787
831905
832143
832316
832885
832936
833431
833659
834129
834350
834503
834563
834674
834728
834742
834853
834937
835261
835730
835763
837120
837131
837142
837917
838213
839027
839231
839490
839530
839544
839562
839876
840171
840749
841461
841559
841631
319007
323319
323706
328693
330165
330227
331697
823980
824146
832096
838211
324929
328803
328970
329077
810565
810847
812383
813489
817786
817979
818506
822071
822350
822925
823559
824145
828750
832894
838199
867801
250397
307934
308179
323332
325827
326852
327696
329900
811114
811412
822808
823818
827385
326469
326574
327967
328628
329170
329441
329457
330259
330618
330646
332207
810076
810080
810992
811062
811227
811231
811299
812119
812203
812400
812960
813415
814557
815424
815427
816213
816543
816552
816880
817708
819536
819625
821234
821253
821538
822407
822561
823439
823442
824024
824136
824223
824262
825882
826088
827059
827878
828210
828403
828452
828653
828735
829092
830170
830464
830653
831003
831367
832585
833228
833600
833883
836605
837009
837166
837490
838210
838754
840998
841873
841846
842309
842773
842838
843250
867783
282010
827257
829558
832483
837001
838209
329262
329979
331913
810023
811009
815487
827356
830786
832418
841871
318684
327979
328533
810023
810032
810243
810272
811777
812035
813347
813348
814846
816650
817079
817589
818529
819639
819696
822043
822738
824143
824522
827778
830363
830414
830415
832732
834673
836544
836545
837171
837651
838200
839203
839303
839340
839522
839643
840227
840595
841072
842901
312864
318138
319233
319325
321697
321936
322359
323183
325572
326119
326570
327752
327863
327897
328070
328264
328345
329080
329180
329256
329310
329463
329581
329798
329834
329909
330172
330187
330421
330559
331060
331320
331695
331816
331862
331895
331958
332023
332176
810019
810020
810039
810063
810090
810400
810907
811048
811156
811513
811789
812308
812401
812415
812460
813383
813707
813820
813861
814054
814560
815230
815485
816486
816500
816509
816736
816764
816843
816941
817472
817581
817699
817765
817778
818043
818332
818383
818534
818874
818895
818966
819111
819262
819636
819950
820759
821290
821995
822112
822242
822345
822596
822603
822721
822725
823372
824105
824396
824400
824692
824810
825760
825762
826145
826239
826367
826367
826377
826942
827536
827537
828728
828741
828940
829576
829652
829884
830355
830358
830469
830494
830987
830993
831114
831385
831651
831709
831736
832656
833434
833680
833747
833976
834525
834565
835594
836165
836535
836618
837162
837206
837371
837702
838098
838207
838637
839641
839642
840136
840164
840174
840629
840654
841566
842128
842169
843048
843091
843264
843559
867482
878467
309431
322011
327565
327699
328310
328665
329052
329112
329547
329667
329692
329994
810383
810565
810647
811033
811392
811632
811632
812110
813041
813862
813907
815361
816130
816769
817611
819783
821432
822084
822137
823736
824141
824337
824345
825119
826397
826480
826518
826958
828929
831733
833509
833512
833528
834450
834467
835208
835417
837689
838193
838194
838283
838659
839017
840374
840882
330994
331967
823353
886340
314816
322011
328007
329234
330223
811230
811896
812419
812503
814121
814390
822806
823447
824131
824339
828511
830589
830732
831754
832246
832344
833355
834462
835318
836214
838206
838298
840987
307753
323255
329623
811630
812121
812943
813870
814995
820121
826081
829637
831014
837674
838018
838292
839078
840315
841383
319555
323647
327575
329756
331964
811080
817293
823111
828664
833551
838191
838202
839918
308320
329080
331320
331953
810833
811576
824835
828741
830355
831709
300562
303918
308273
313194
313322
314864
318449
320099
320145
320828
322097
322098
322293
322625
322936
323475
324141
325468
327634
327889
327918
328817
328934
329115
329142
329433
329048
329509
329834
330519
811082
811148
811460
811802
812944
814696
814761
816563
816938
816979
817287
817584
818610
818858
821425
821574
822786
823182
823718
823726
825081
827014
827179
828028
828399
828790
830380
831571
831783
832082
832295
833828
833884
833987
834875
835410
835732
835744
836006
836023
836878
841399
842804
309495
317606
327917
329202
811364
811996
812812
814199
815438
815496
815917
816915
816981
821160
823116
825062
828744
828854
830483
833330
838204
838271
839962
311884
314405
325459
326222
327010
328293
328353
328515
328596
328597
329059
329145
329390
329407
330193
330459
330836
330929
331708
810087
810556
810790
811275
811660
812269
812631
812661
812669
812793
812933
813301
813711
813909
814025
814201
815222
816214
816474
816982
817357
817861
818110
818654
820291
821557
822227
822601
822686
823291
823293
823837
824898
826722
827498
828694
829502
830411
830638
830780
830903
831484
831559
831708
832978
833839
833998
834241
835926
837633
838203
839009
839645
840309
840309
842222
843549
871242
328979
329604
811134
814057
814135
814789
815240
816047
817521
817522
821187
823477
827663
828514
829578
829753
830648
833740
833837
834463
834709
838463
842092
843617
831938
814199
330646
332207
810992
812203
813415
816213
816880
819536
821234
821538
823442
824223
824262
827219
830653
836605
838884
827042
274261
297694
302224
307154
307711
310841
313489
319440
319740
330628
332134
810859
815304
816045
816506
818898
823778
823984
824838
824995
830092
832481
833281
834158
834707
835183
836435
837022
838151
838657
839210
839953
840139
840312
840388
840669
841356
841978
842520
842735
842738
842827
842933
843289
843516
843518
843541
843605
867282
867554
867795
870679
870753
870891
870971
870975
870979
870981
870997
871005
871006
871205
871228
871250
872789
872797
872942
872966
873333
873339
873392
873396
873397
873407
873414
875506
875538
875555
883483
883507
883517
883523
883529
883586
883667
883939
884018
884020
884027
884038
884046
884047
884267
884534
884538
884539
884558
884562
884565
884568
884575
884723
884851
884859
884861
884862
884868
884882
884883
884885
884897
885222
885250
885267
885270
885293
885295
885353
885354
885423
885439
885443
885453
885464
885492
885523
885626
885641
885835
885836
885843
885855
885863
885865
885884
885887
885894
885898
885932
885936
886185
886199
886423
886530
886540
886610
886659
886677
886704
886716
886801
886809
886903
887078
887131
887170
887173
887186
887189
887472
887535
887569
887572
887578
887589
887590
887601
887698
887710
887742
887797
887800
887811
887816
887820
887822
887823
887998
888083
888092
888098
888111
888113
888162
888239
888240
888254
888302
888310
888321
888402
888404
888406
888407
888413
888426
888432
888516
888603
888622
888795
888990
889016
889073
889085
889093
889136
889178
889315
889320
889321
889323
889333
889334
889386
889388
889389
889407
889412
889527
889669
889673
889816
889960
890042
890046
890047
890048
890067
890175
890178
890196
890207
890210
890215
890327
890463
890470
890546
890552
890558
890579
890582
890644
890671
890733
890737
890831
890837
890859
890864
890923
890927
890937
890946
890951
890953
891019
891070
891117
891220
891391
891566
891570
891593
891630
891647
891711
891781
891849
892049
892050
892052
892056
892087
892090
892099
892227
892233
892235
892296
892313
892346
892489
892496
892520
892540
892559
892598
892627
892763
892850
893008
893048
893056
893066
893086
893089
893225
893226
893231
893243
893249
893310
893317
893357
893359
893371
893376
893476
893605
893606
893609
893614
893756
894069
894072
894075
894077
894083
894087
894088
894179
894194
894232
894391
894395
894463
894472
894480
894551
894618
894685
894686
894794
894871
894872
895109
895115
895120
895173
895196
895199
895200
895246
895312
895321
895325
895406
895486
895536
895542
895564
895570
895751
895900
895953
895954
895997
896017
896062
896088
896156
896166
896178
896180
896256
896269
896336
896344
896354
896358
896360
896414
896422
896423
896424
896426
896427
896428
896430
896613
896616
896626
896679
896684
896687
896688
896725
896727
896728
896984
897166
897168
897169
897254
897326
897327
897338
897574
897649
897661
897662
897663
897696
897715
898050
898060
898061
898062
898068
898073
898108
898439
898444
898456
898461
898543
898612
898713
898781
898900
899102
899182
899266
899271
899284
899337
899338
899342
899344
899409
899417
899418
899420
899422
899527
899587
899588
899589
899591
899596
899811
899812
899815
899900
900411
900462
900466
900485
900624
900626
900722
900725
900730
900732
900808
900930
901017
901026
901104
901116
901122
901155
901190
901214
901377
902058
902149
902346
902395
902400
902409
902845
902853
903089
903234
903235
903242
903250
903252
903675
903737
903891
903895
903896
903897
903926
903930
903936
904023
904367
904412
904423
904563
904629
904636
904706
904710
904767
904829
904942
905297
905299
905414
905495
905498
905519
905628
905654
905749
905816
905876
905890
905915
906216
906219
906232
906277
906294
906379
906450
906469
906472
906473
906524
906569
906650
906673
906678
906681
906688
906693
906751
906752
906859
906866
906882
907018
907247
907265
907301
907316
907338
907405
907455
907572
907717
907803
907865
907870
908069
908209
908233
908473
908519
908521
908531
908536
908673
908676
908917
909095
909278
909279
909347
909390
909422
909423
909425
909441
909486
909547
909608
909667
909737
909918
909985
909987
910234
910274
910329
910365
910366
910437
910466
910482
910620
910623
910645
910678
910720
910728
910849
910906
911013
911063
911064
911066
911071
911133
911149
911162
911170
911262
911280
911562
911565
911567
911589
911740
911855
911904
911927
911929
911949
911990
912112
912143
912354
912461
912475
912572
912666
912680
912761
912784
912812
912817
912919
912945
913178
913296
913318
913365
913425
913446
913460
913478
913522
913538
913580
913670
913788
913808
913830
913862
914012
914015
914028
914144
914300
914301
914388
914389
914399
914437
914440
914444
914450
914453
914463
914798
914804
914810
914841
914882
914906
914929
915326
915355
915357
915365
915377
915389
915415
915428
915686
915787
915800
915832
915843
915865
916089
916094
916189
916191
916199
916204
916281
916452
916453
916528
916595
916626
916731
916846
916852
917013
917021
917022
917140
917159
917332
917344
917422
917425
917462
917537
917608
917730
917772
917777
917783
917953
918005
918014
918033
918069
918093
918118
918144
918204
918208
918233
918310
918334
918338
918365
918439
918495
918599
918649
918690
918692
918766
918837
918899
918956
918961
918962
918965
918966
918967
918997
919007
919071
919237
919250
919408
919477
919484
919490
919615
919692
919880
919922
920142
920183
920192
920213
920214
920295
920342
920605
920670
920681
920683
920685
920867
920872
920875
920889
920918
920982
921028
921059
921090
921321
921337
921351
921397
921398
921400
921401
921411
921413
921503
921619
921883
921982
922006
922120
922128
922410
922461
922474
922482
922582
922599
922616
922668
922760
922819
922859
923118
923154
923155
923165
923191
923214
923232
923262
923293
923401
923404
923414
923416
923423
923535
923567
923689
923694
923712
923810
923845
923966
923980
923996
924051
924065
924078
924156
924191
924270
924271
924301
924347
924386
924441
924496
924533
924639
924667
924692
924764
924809
924840
924867
924881
924893
924935
924941
924961
924994
925051
925066
925112
925228
925271
925418
925454
925486
925507
925528
925623
925681
925683
925720
925793
925832
925876
925877
925902
925922
925923
925973
926044
926046
926047
926121
926131
926139
926140
926141
926238
926239
926247
926255
926436
926646
926720
926777
926840
927288
927374
927436
927507
927544
927546
927582
927740
927774
927779
927802
927810
927880
927891
928090
928097
928248
928255
928269
928387
928388
928470
928491
928492
928494
928540
928595
928627
928843
928878
929120
929123
929134
929280
929338
929399
929483
929548
929624
929726
929755
929798
929863
929864
929874
929883
929969
930178
930352
930494
930597
930620
930916
931192
931261
931278
931374
931505
931532
931618
931678
931689
931760
931768
931784
931836
932039
932043
932044
932168
932380
932394
932538
932562
932590
932597
932662
932716
932823
932866
933006
933014
933062
933105
933133
933182
933215
933251
933256
933264
933360
933566
933579
933612
933684
933729
933737
933811
933812
933873
933876
934014
934161
934205
934275
934376
934428
934720
934849
935192
935198
935210
935214
935448
935512
935544
935560
935575
935579
935677
935708
935729
935760
935775
935776
935777
935778
935779
935786
935839
935840
935843
935851
935879
935892
935903
935989
936021
936059
936071
936129
936235
936357
936455
936456
936554
936610
936611
936678
936880
936881
936882
936883
936904
936949
936953
936955
936970
936994
937053
937088
937106
937143
937193
937357
937367
937856
937894
937930
938032
938375
938512
938566
938596
938635
938828
938829
938961
938977
939010
939252
939273
939373
939450
939653
939682
939780
939786
939850
939884
939913
939940
939941
939944
939946
939947
940072
940086
940275
940277
940284
940322
940427
940514
940526
940527
940541
940566
940569
940742
940848
940984
941000
941036
941037
941077
941133
941158
941202
941248
941568
941569
941598
941603
941693
941715
941837
941846
941880
941938
941975
942171
942172
942173
942174
942202
942367
942603
942615
942694
942710
942763
942840
943000
943055
943120
943198
943245
943303
943378
943460
943509
943510
943828
943854
943856
944110
944203
944338
944340
944507
944533
944653
944781
944904
944939
944998
945007
945222
945342
945553
946026
946501
946629
946632
947195
947853
947864
948590
938127-x86
windowsxp-sp2
