889101
914961
824210
826368
831168
328546
814483
817703
818981
818982
822878
818587
818776
818777
818803
818962
818982
819792
820743
821155
821156
821157
821289
821349
821415
821536
822076
822411
822734
822956
823030
823140
823201
823248
823274
823363
823401
823445
823473
823534
823679
823951
824210
824297
824336
824407
824451
824481
824629
824680
824996
825082
825680
825709
826231
826368
826437
826497
826757
826945
826981
827035
827133
827164
827210
827534
827558
827640
827801
827076
828099
828244
828295
828530
828700
828884
828943
829052
829195
829319
829330
829487
829585
829615
829758
829977
829986
830173
830348
830461
830514
830698
830724
830788
830789
830920
831013
831018
831138
831150
831222
831263
831419
831575
831578
831730
831961
832440
832597
832630
832633
832705
832757
833026
833047
833050
833326
833329
833610
833612
833742
833789
833881
834104
834280
834330
834513
834608
834672
834855
835361
835405
835480
835680
835815
835847
836092
836144
836396
836612
836616
836661
836680
836691
836745
836798
836868
836874
836906
836989
837033
837132
837382
837522
837634
838087
838301
838468
839047
839092
839174
839289
839423
839424
839462
839521
839577
839588
839616
839823
839889
840175
840503
840512
840592
840861
840933
841096
841195
841285
841451
841998
842044
842171
842675
842768
842832
843055
843072
843400
843552
843561
867748
867759
870633
870722
870724
870998
872800
872939
873429
875434
875503
883502
884022
884041
884537
884571
884871
884901
885274
885289
885445
885456
886686
886795
886802
886903
886904
887540
887542
887543
887544
887545
887548
887551
887559
887560
887563
887814
888418
888419
888420
888995
888999
889328
889411
889531
890211
890328
890340
890464
890673
890828
890929
890945
890950
891009
891742
891792
892202
893040
891313
824903
818739
819957
824688
828329
828760
829756
829951
830678
830711
832234
832481
833883
833991
835881
837126
837129
840346
841960
842632
842649
842838
842900
843280
883480
883525
830413
817184
817689
823147
824354
829701
834231
834826
838408
838851
840281
885867
886652
890549
898867
821751
824146
875498
883955
895250
821541
826266
824151
831741
873339
885836
836080
837018
838752
839645
838898
324392
818349
819766
820158
820623
820856
821586
822751
822953
823456
823735
824147
824333
824334
824335
824382
824465
824678
825032
825782
826139
826275
826925
828035
828074
829359
829993
830092
830170
830381
830574
830689
830769
831311
831994
832261
832478
832628
832851
832942
832994
833029
833230
833427
833975
834015
834317
834378
834655
834926
835763
836534
836539
836834
837088
837753
838035
838164
838329
839912
839962
840529
840771
840797
840991
841461
841647
841820
841835
842127
842397
842533
842741
867762
870987
872782
872957
873333
873398
873430
875495
883943
885279
885886
886174
886705
887597
888301
889054
890040
893318
819109
817472
817686
817691
817765
817789
818053
818810
819639
820362
820759
821138
822998
823211
823728
823820
824494
825236
825742
828021
830787
830987
831694
831899
833869
834910
835166
836008
836870
836871
837055
837413
838461
838637
838894
839210
839635
843612
843618
867754
867818
871268
872965
873402
873422
875524
875527
883114
883646
884546
884588
887536
888104
890426
890941
891793
895573
822654
822961
872768
822105
823402
827214
831186
837993
840869
840994
840995
842851
872950
873335
883935
885228
885881
886694
899492
828693
817771
820622
821265
821507
823230
824909
826941
827546
827649
828662
828726
829885
830926
831128
831201
831374
832269
832336
832971
833814
835421
837665
838523
839231
840390
840516
841071
841475
842130
843515
843517
867525
867765
883664
884885
885250
885451
886670
887602
888319
889177
889326
890352
890553
890554
890584
891189
891511
833407
841082
828514
828969
829422
830648
833987
833990
837583
837996
842642
842910
884865
890859
825119
838640
840315
840374
873343
890175
823544
823596
824322
824330
824446
826007
826270
826756
828086
828970
829010
830219
830520
831464
832139
833734
834100
836533
838369
838790
839003
841460
867755
867776
872953
883489
883661
883944
884503
886695
886810
892499
892988
820524
872959
889016
810080
821929
826982
827878
830464
841238
842804
842933
884884
889088
824145
828750
830313
831923
832894
835311
839571
840378
843526
867282
867801
870772
885436
888113
890923
891781
893310
895194
817812
821047
823684
826276
826277
827909
829482
830098
833272
833723
833812
833904
834027
834628
834631
835768
838987
839575
840207
840213
840216
840551
841176
843536
867582
870679
871011
885889
886717
888431
891506
895575
824345
822714
831367
831716
267316
824375
830953
831160
831844
833176
842511
842513
873322
884046
884557
889731
890746
897688
823984
819696
835563
839643
872940
811233
840156
300034
815230
817690
817892
818320
819673
820551
821264
822542
822713
822743
823356
823608
823980
824069
824139
824414
825030
826240
827536
827537
827817
828333
828741
828742
830352
830471
830885
831630
831735
831914
832487
832521
832689
832911
834115
834141
834395
834630
834824
834831
835845
835880
835987
836766
836769
836773
836875
837061
837422
837432
837702
837822
837823
838633
839638
839891
840036
840711
841027
841125
843215
843554
867482
867667
867772
867792
870763
872824
873353
875501
883634
883659
884054
885267
885893
886461
887175
887579
888090
888108
888403
893066
896427
885250
827089
840381
832129
886707
837009
829200
818038
818522
819760
825913
843299
873337
883521
821683
822553
823447
828513
831666
834695
835609
835933
836797
838337
840371
843192
843356
870981
875521
883673
884552
886679
837175
831657
817433
835732
818080
818858
821008
821425
822774
822820
823182
823559
823688
824105
824245
824905
826133
826817
827182
828028
829011
829074
829082
829194
830880
831789
832572
833174
833281
833409
833620
833708
834108
834389
834859
837001
837117
837682
838165
838656
838777
838971
839146
840721
840837
841105
841870
842308
842436
842689
843071
843196
870973
872810
873407
873419
875506
875534
883933
885835
886675
888303
889529
890477
890479
891307
893238
893246
884566
827209
833010
839207
871250
885899
887693
820364
823616
823658
826508
829053
834229
838457
885891
891718
825809
822415
822601
824038
824690
826819
827180
829995
831129
834293
834654
835301
835735
835926
837642
841356
843122
843253
871242
839645
830411
872960
873375
873376
873414
885843
887189
887710
888603
890047
893086
873395
817688
817708
818877
820127
820766
821730
822132
824200
826751
826821
826823
826936
828259
828402
828481
831112
833167
833905
836721
836842
837814
838055
838864
838913
839272
839591
840781
841187
841650
843161
843447
843542
867699
870677
872937
884037
884055
884848
886800
886805
887532
887827
887975
889003
890018
892926
821467
822110
822664
822807
823874
824952
828745
829109
830209
832048
832088
832794
833308
833343
833746
833890
834651
834803
837211
837321
838291
838462
839727
840872
842506
843285
843301
867684
873391
873418
875535
883100
884570
885834
885923
831733
840620
821170
822441
827823
824141
824337
839229
841533
842136
872797
885449
885450
891711
831210
829393
835459
833781
839937
843186
819064
821234
823442
823778
824024
824223
828653
829994
832479
833558
834544
835330
835438
836802
870775
873406
885827
891011
892294
889531
893005
893100
893166
893251
893360
894092
894611
895251
895474
895579
896000
896010
896181
896182
896246
896501
896600
896665
896982
898548
898901
899020
899181
899326
899511
899524
899589
900095
900609
900822
901151
903887
904416
904422
905302
905496
905546
906588
907262
907407
907544
907829
908001
908127
908787
908796
909766
910553
911205
911309
915808
920978
922542
899515
903662
912263
913548
914785
921618
922595
925104
925138
914012
919953
838657
900246
920670
919881
898791
903650
908510
909608
900725
911030
917805
921181
923424
911030
924407
901214
919332
896729
897253
897571
897667
899424
899425
899426
899596
899597
899756
902400
903087
904388
905430
906677
908187
908473
910234
910695
910730
910904
911106
912818
912935
913576
913677
915030
915750
917399
918459
919034
919303
920865
896100
896108
904639
909122
910906
911562
911570
913296
914783
918144
918980
921086
924191
894087
898902
919136
244139
892050
892471
895312
895573
898439
898446
898465
898544
898620
899415
899419
900713
901103
901105
901371
902837
902853
903081
903239
904412
905205
835166
905684
907418
908980
909539
910621
912229
912593
912944
913953
914028
915595
916048
916531
919168
919922
922772
923150
923231
923695
923801
924051
896265
896619
896722
898063
898613
902396
903654
903720
905700
905701
906208
907868
908865
909249
909424
910437
911647
912233
912706
913738
914831
915022
915335
917268
917638
918530
918763
919166
919218
919336
919605
919648
920162
920683
920919
921240
921883
890067
899755
922931
919256
886694
893617
900719
901017
905214
905291
910932
912341
913893
914103
922035
922105
919009
891194
893374
896422
897574
898606
898900
899327
900254
900617
900622
903651
904160
905846
905909
906099
906866
907565
909360
910311
910929
911924
911927
912086
912154
912392
912850
912947
913034
913109
913560
913708
913835
914389
915691
916846
917159
917315
918245
919030
920335
921478
922002
922582
332134
908519
903722
896424
901026
901150
904563
904779
907242
910289
910362
911028
912196
912919
915415
916199
917587
918599
918673
922858
873343
896358
922616
900245
900342
900405
907986
909289
910032
911822
913441
913644
915179
916758
916833
916984
917557
923197
925342
896269
902390
901190
912134
921306
923711
319440
826982
839551
892496
896683
899017
899409
911859
913463
915797
919614
302224
816506
818898
831845
843518
883939
885439
886801
892049
893371
896156
896180
891781
896688
896727
897166
897168
899102
899284
899417
899528
899797
899811
899812
900732
901116
902395
902409
904367
905297
905299
905498
905915
906216
906473
908209
908233
910365
911064
911567
912812
914453
916281
917425
917783
918366
918439
918899
918915
918956
920681
920982
923996
925418
925683
926047
890669
896900
897335
898792
899325
899343
899656
899750
903738
905890
906570
907317
907646
907723
907724
907892
908248
908249
908522
908675
908929
909613
909666
910048
910835
911989
912364
913327
913383
913698
914784
916467
916995
917107
917909
918844
919341
919385
919807
920739
923052
923162
923199
923841
924848
924867
925259
925844
926406
912354
917454
901205
907265
830953
897688
898618
899470
902951
908926
916133
916699
890046
912570
899271
904706
921401
925752
925475
925624
887190
892847
893756
894070
894081
894682
895120
896063
896258
896336
896428
896615
897040
897616
897651
897655
898060
898708
899148
899260
899479
899657
899679
899742
899900
900820
902113
902149
902439
902954
903929
905414
905596
906278
907019
907259
907865
908521
908739
908745
909195
909425
909665
910481
910625
911262
911268
911280
911897
911910
912213
912222
913184
913409
913446
913472
913522
913957
914301
914388
914448
914675
914841
915104
915365
915458
916508
916852
917078
917114
917791
917949
917953
918334
918564
918689
918837
919479
919948
920155
920293
921412
922819
922862
922971
922972
923051
923187
923200
923339
923483
923492
923600
924050
924286
924703
925513
895321
909139
920214
917422
917537
923414
277222
896256
899588
902839
909095
910917
921411
923425
842304
893225
901377
902066
905518
905788
906688
906752
906952
907545
908128
909906
910907
911713
914929
916961
917777
919017
921059
924078
924663
924913
903648
906092
917344
919237
925753
835744
838065
887578
892090
894872
896414
896687
897648
899029
899587
902336
904942
906381
906531
906736
907245
907247
907524
908757
909737
909805
909924
910552
911185
913368
914061
914463
915786
916719
917068
917627
918442
919557
919578
919754
920183
922706
922769
887696
895261
899416
904714
875533
893605
899182
900336
903085
905203
906425
907011
907639
915352
916710
921376
925279
908132
895193
160332
824995
873376
892346
900725
903122
903154
903234
904772
905865
906469
907660
908531
908536
910322
910728
912475
913419
913670
912475
916198
916452
916453
918093
921028
921398
922297
922599
923191
924496
924897
827475
891957
894090
894255
898790
899026
899404
899809
902389
907875
908911
910380
911062
911919
911962
912063
912848
913642
913648
914678
915331
916044
916860
917314
921597
922244
922387
922529
923076
923554
923557
923628
924281
925117
811211
896679
899266
899591
900090
901115
905687
905888
906207
908011
910088
911288
911913
913948
914539
915947
916667
917046
918679
923035
922508
920685
896667
907966
911021
917709
917910
918120
918184
920192
921484
923630
925486
898715
900730
904023
906219
906668
914810
916089
917465
921296
924876
892313
900343
912379
917441
917734
917821
918886
920140
921108
921134
922814
923641
888086
899095
902346
903931
906868
907510
913096
913538
915940
919698
920606
921909
923850
924779
924979
924806
918118
920213
923980
925454
926247
926436
928255
928843
