843289
870853
884534
889333
905866
906473
922498
925255
925271
925272
925369
925492
925528
925832
925876
925902
926131
926425
927084
927341
927546
928089
928090
928135
928188
928253
928365
928387
928439
928494
928570
928631
928870
929011
929123
929399
929427
929451
929478
929547
929550
929577
929615
929637
929685
929734
929735
929761
929762
929763
929777
929790
929798
929824
929909
929913
929916
930163
930178
930193
930194
930261
930311
930451
930495
930517
930568
930570
930585
930597
930618
930627
930819
930828
930857
930883
930917
930955
930979
931099
931174
931195
931213
931263
931278
931324
931338
931365
931369
931573
931619
931621
931654
931657
931671
931674
931675
931689
931756
931768
931770
931812
931836
931936
931967
931969
932030
932044
932045
932063
932079
932094
932142
932173
932206
932243
932246
932303
932385
932390
932394
932404
932406
932471
932538
932539
932562
932590
932593
932596
932626
932634
932635
932636
932637
932638
932649
932652
932653
932753
932757
932814
932818
932866
932988
932998
933006
933014
933049
933105
933133
933182
933207
933228
933242
933245
933251
933256
933262
933272
933288
933340
933360
933433
933442
933454
933468
933495
933566
933578
933579
933590
933595
933607
933612
933620
933649
933657
933662
933664
933729
933750
933771
933778
933812
933824
933847
933860
933872
933873
933876
933928
933942
934008
934014
934056
934111
934202
934237
934274
934275
934282
934314
934327
934374
934376
934429
934455
934529
934611
934633
934637
934641
934796
934797
934839
934888
934907
935200
935222
935276
935280
935333
935366
935415
935427
935458
935495
935544
935551
935552
935553
935560
935575
935576
935579
935606
935607
935652
935663
935685
935729
935755
935759
935765
935772
935775
935776
935777
935778
935779
935782
935783
935786
935807
935851
935855
935876
935878
935881
935901
935903
935936
935945
935963
935977
935988
936003
936004
936021
936029
936054
936060
936136
936150
936162
936176
936183
936205
936225
936229
936315
936316
936344
936357
936460
936469
936515
936608
936610
936611
936613
936686
936707
936710
936711
936713
936756
936775
936782
936824
936825
936881
936882
936883
936904
936949
936950
936953
936955
936970
936983
937018
937053
937063
937077
937082
937085
937123
937143
937168
937187
937188
937228
937229
937230
937248
937322
937328
937333
937381
937385
937426
937454
937500
937630
937651
937658
937713
938055
938062
938080
938091
938092
938098
938101
938123
938127
938194
938232
938239
938248
938475
938636
938637
938660
938723
938724
938725
938758
938838
938885
938906
938927
938928
938929
938952
938956
938977
938979
939004
939006
939008
939021
939025
939130
939159
939165
939207
939210
939211
939214
939331
939423
939653
939677
939718
939720
939727
939750
939772
939778
939783
939786
939805
939882
939913
939940
939941
939944
939946
940059
940069
940105
940145
940199
940427
940480
940508
940526
940646
940716
940810
940848
940856
940894
941000
941001
941020
941021
941025
941029
941061
941067
941090
941102
941137
941158
941179
941202
941229
941234
941277
941282
941298
941311
941386
941411
941436
941492
941507
941542
941561
941568
941569
941595
941600
941603
941644
941649
941651
941660
941673
941698
941719
941794
941797
941808
941853
941858
941860
941890
941895
941938
941962
941996
941997
942003
942089
942097
942146
942171
942172
942173
942174
942198
942219
942220
942244
942309
942364
942365
942392
942435
942488
942493
942524
942541
942543
942615
942624
942642
942682
942693
942710
942732
942763
942813
942836
942845
942869
942894
942900
942917
942979
943000
943078
943112
943129
943169
943195
943242
943245
943253
943300
943302
943335
943336
943360
943302
943397
943411
943412
943440
943451
943470
943510
943544
943599
943601
943632
943668
943805
943899
943974
943986
944020
944023
944054
944110
944141
944151
944240
944242
944292
944297
944397
944500
944515
944520
944652
944882
944883
944917
945007
945122
945125
945145
945149
945170
945184
945438
945533
945577
945612
945680
945683
945783
946383
